(kicad_pcb (version 20171130) (host pcbnew "(5.1.9)-1")

  (general
    (thickness 1.6)
    (drawings 4)
    (tracks 251)
    (zones 0)
    (modules 41)
    (nets 41)
  )

  (page A4)
  (layers
    (0 F.Cu signal)
    (31 B.Cu signal)
    (32 B.Adhes user)
    (33 F.Adhes user)
    (34 B.Paste user)
    (35 F.Paste user)
    (36 B.SilkS user)
    (37 F.SilkS user)
    (38 B.Mask user)
    (39 F.Mask user)
    (40 Dwgs.User user hide)
    (41 Cmts.User user)
    (42 Eco1.User user)
    (43 Eco2.User user)
    (44 Edge.Cuts user)
    (45 Margin user)
    (46 B.CrtYd user)
    (47 F.CrtYd user)
    (48 B.Fab user)
    (49 F.Fab user)
  )

  (setup
    (last_trace_width 0.254)
    (user_trace_width 0.254)
    (user_trace_width 0.381)
    (user_trace_width 0.508)
    (user_trace_width 0.762)
    (trace_clearance 0.2)
    (zone_clearance 0.508)
    (zone_45_only no)
    (trace_min 0.2)
    (via_size 0.8)
    (via_drill 0.4)
    (via_min_size 0.4)
    (via_min_drill 0.3)
    (uvia_size 0.3)
    (uvia_drill 0.1)
    (uvias_allowed no)
    (uvia_min_size 0.2)
    (uvia_min_drill 0.1)
    (edge_width 0.05)
    (segment_width 0.2)
    (pcb_text_width 0.3)
    (pcb_text_size 1.5 1.5)
    (mod_edge_width 0.12)
    (mod_text_size 1 1)
    (mod_text_width 0.15)
    (pad_size 1.524 1.524)
    (pad_drill 0.762)
    (pad_to_mask_clearance 0)
    (aux_axis_origin 0 0)
    (visible_elements 7FFFFFFF)
    (pcbplotparams
      (layerselection 0x010fc_ffffffff)
      (usegerberextensions false)
      (usegerberattributes true)
      (usegerberadvancedattributes true)
      (creategerberjobfile true)
      (excludeedgelayer true)
      (linewidth 0.100000)
      (plotframeref false)
      (viasonmask false)
      (mode 1)
      (useauxorigin false)
      (hpglpennumber 1)
      (hpglpenspeed 20)
      (hpglpendiameter 15.000000)
      (psnegative false)
      (psa4output false)
      (plotreference true)
      (plotvalue true)
      (plotinvisibletext false)
      (padsonsilk false)
      (subtractmaskfromsilk false)
      (outputformat 1)
      (mirror false)
      (drillshape 1)
      (scaleselection 1)
      (outputdirectory ""))
  )

  (net 0 "")
  (net 1 +5V)
  (net 2 GND)
  (net 3 "Net-(C7-Pad1)")
  (net 4 "Net-(C8-Pad1)")
  (net 5 GATE)
  (net 6 TRIG)
  (net 7 UP_DOWN)
  (net 8 "Net-(J1-Pad1)")
  (net 9 "Net-(J1-Pad9)")
  (net 10 "Net-(J1-Pad13)")
  (net 11 "Net-(J1-Pad15)")
  (net 12 "Net-(J1-Pad2)")
  (net 13 "Net-(J1-Pad10)")
  (net 14 "Net-(J1-Pad14)")
  (net 15 "Net-(J1-Pad16)")
  (net 16 "Net-(J2-Pad2)")
  (net 17 BUFF)
  (net 18 "Net-(J3-Pad2)")
  (net 19 "Net-(J4-Pad2)")
  (net 20 "Net-(J5-Pad2)")
  (net 21 "Net-(Q1-Pad3)")
  (net 22 "Net-(Q1-Pad1)")
  (net 23 "Net-(R1-Pad2)")
  (net 24 "Net-(R5-Pad1)")
  (net 25 "Net-(R7-Pad1)")
  (net 26 "Net-(R10-Pad2)")
  (net 27 "Net-(R11-Pad2)")
  (net 28 "Net-(R12-Pad2)")
  (net 29 "Net-(RV1-Pad1)")
  (net 30 "Net-(RV2-Pad1)")
  (net 31 "Net-(RV4-Pad2)")
  (net 32 "Net-(RV5-Pad2)")
  (net 33 "Net-(S1-Pad3)")
  (net 34 "Net-(U1-Pad7)")
  (net 35 "Net-(U2-Pad10)")
  (net 36 "Net-(U2-Pad11)")
  (net 37 "Net-(U2-Pad3)")
  (net 38 ATT_SUS)
  (net 39 "Net-(U3-Pad2)")
  (net 40 "Net-(U3-Pad13)")

  (net_class Default "This is the default net class."
    (clearance 0.2)
    (trace_width 0.25)
    (via_dia 0.8)
    (via_drill 0.4)
    (uvia_dia 0.3)
    (uvia_drill 0.1)
    (add_net +5V)
    (add_net ATT_SUS)
    (add_net BUFF)
    (add_net GATE)
    (add_net GND)
    (add_net "Net-(C7-Pad1)")
    (add_net "Net-(C8-Pad1)")
    (add_net "Net-(J1-Pad1)")
    (add_net "Net-(J1-Pad10)")
    (add_net "Net-(J1-Pad13)")
    (add_net "Net-(J1-Pad14)")
    (add_net "Net-(J1-Pad15)")
    (add_net "Net-(J1-Pad16)")
    (add_net "Net-(J1-Pad2)")
    (add_net "Net-(J1-Pad9)")
    (add_net "Net-(J2-Pad2)")
    (add_net "Net-(J3-Pad2)")
    (add_net "Net-(J4-Pad2)")
    (add_net "Net-(J5-Pad2)")
    (add_net "Net-(Q1-Pad1)")
    (add_net "Net-(Q1-Pad3)")
    (add_net "Net-(R1-Pad2)")
    (add_net "Net-(R10-Pad2)")
    (add_net "Net-(R11-Pad2)")
    (add_net "Net-(R12-Pad2)")
    (add_net "Net-(R5-Pad1)")
    (add_net "Net-(R7-Pad1)")
    (add_net "Net-(RV1-Pad1)")
    (add_net "Net-(RV2-Pad1)")
    (add_net "Net-(RV4-Pad2)")
    (add_net "Net-(RV5-Pad2)")
    (add_net "Net-(S1-Pad3)")
    (add_net "Net-(U1-Pad7)")
    (add_net "Net-(U2-Pad10)")
    (add_net "Net-(U2-Pad11)")
    (add_net "Net-(U2-Pad3)")
    (add_net "Net-(U3-Pad13)")
    (add_net "Net-(U3-Pad2)")
    (add_net TRIG)
    (add_net UP_DOWN)
  )

  (module Capacitor_SMD:C_0805_2012Metric (layer B.Cu) (tedit 5F68FEEE) (tstamp 608F11B9)
    (at 22.4 67.075 180)
    (descr "Capacitor SMD 0805 (2012 Metric), square (rectangular) end terminal, IPC_7351 nominal, (Body size source: IPC-SM-782 page 76, https://www.pcb-3d.com/wordpress/wp-content/uploads/ipc-sm-782a_amendment_1_and_2.pdf, https://docs.google.com/spreadsheets/d/1BsfQQcO9C6DZCsRaXUlFlo91Tg2WpOkGARC1WS5S8t0/edit?usp=sharing), generated with kicad-footprint-generator")
    (tags capacitor)
    (path /6061551A)
    (attr smd)
    (fp_text reference C1 (at 0 1.68) (layer Dwgs.User)
      (effects (font (size 1 1) (thickness 0.15)) (justify mirror))
    )
    (fp_text value 0.1uF (at 0 -1.68) (layer B.Fab)
      (effects (font (size 1 1) (thickness 0.15)) (justify mirror))
    )
    (fp_line (start -1 -0.625) (end -1 0.625) (layer B.Fab) (width 0.1))
    (fp_line (start -1 0.625) (end 1 0.625) (layer B.Fab) (width 0.1))
    (fp_line (start 1 0.625) (end 1 -0.625) (layer B.Fab) (width 0.1))
    (fp_line (start 1 -0.625) (end -1 -0.625) (layer B.Fab) (width 0.1))
    (fp_line (start -0.261252 0.735) (end 0.261252 0.735) (layer B.SilkS) (width 0.12))
    (fp_line (start -0.261252 -0.735) (end 0.261252 -0.735) (layer B.SilkS) (width 0.12))
    (fp_line (start -1.7 -0.98) (end -1.7 0.98) (layer B.CrtYd) (width 0.05))
    (fp_line (start -1.7 0.98) (end 1.7 0.98) (layer B.CrtYd) (width 0.05))
    (fp_line (start 1.7 0.98) (end 1.7 -0.98) (layer B.CrtYd) (width 0.05))
    (fp_line (start 1.7 -0.98) (end -1.7 -0.98) (layer B.CrtYd) (width 0.05))
    (fp_text user %R (at 0 0) (layer B.Fab)
      (effects (font (size 0.5 0.5) (thickness 0.08)) (justify mirror))
    )
    (pad 1 smd roundrect (at -0.95 0 180) (size 1 1.45) (layers B.Cu B.Paste B.Mask) (roundrect_rratio 0.25)
      (net 1 +5V))
    (pad 2 smd roundrect (at 0.95 0 180) (size 1 1.45) (layers B.Cu B.Paste B.Mask) (roundrect_rratio 0.25)
      (net 2 GND))
    (model ${KISYS3DMOD}/Capacitor_SMD.3dshapes/C_0805_2012Metric.wrl
      (at (xyz 0 0 0))
      (scale (xyz 1 1 1))
      (rotate (xyz 0 0 0))
    )
  )

  (module Capacitor_SMD:C_0805_2012Metric (layer B.Cu) (tedit 5F68FEEE) (tstamp 608F335A)
    (at 35.35 64.685)
    (descr "Capacitor SMD 0805 (2012 Metric), square (rectangular) end terminal, IPC_7351 nominal, (Body size source: IPC-SM-782 page 76, https://www.pcb-3d.com/wordpress/wp-content/uploads/ipc-sm-782a_amendment_1_and_2.pdf, https://docs.google.com/spreadsheets/d/1BsfQQcO9C6DZCsRaXUlFlo91Tg2WpOkGARC1WS5S8t0/edit?usp=sharing), generated with kicad-footprint-generator")
    (tags capacitor)
    (path /60626020)
    (attr smd)
    (fp_text reference C2 (at 0 1.68) (layer Dwgs.User)
      (effects (font (size 1 1) (thickness 0.15)) (justify mirror))
    )
    (fp_text value 0.1uF (at 0 -1.68) (layer B.Fab)
      (effects (font (size 1 1) (thickness 0.15)) (justify mirror))
    )
    (fp_line (start 1.7 -0.98) (end -1.7 -0.98) (layer B.CrtYd) (width 0.05))
    (fp_line (start 1.7 0.98) (end 1.7 -0.98) (layer B.CrtYd) (width 0.05))
    (fp_line (start -1.7 0.98) (end 1.7 0.98) (layer B.CrtYd) (width 0.05))
    (fp_line (start -1.7 -0.98) (end -1.7 0.98) (layer B.CrtYd) (width 0.05))
    (fp_line (start -0.261252 -0.735) (end 0.261252 -0.735) (layer B.SilkS) (width 0.12))
    (fp_line (start -0.261252 0.735) (end 0.261252 0.735) (layer B.SilkS) (width 0.12))
    (fp_line (start 1 -0.625) (end -1 -0.625) (layer B.Fab) (width 0.1))
    (fp_line (start 1 0.625) (end 1 -0.625) (layer B.Fab) (width 0.1))
    (fp_line (start -1 0.625) (end 1 0.625) (layer B.Fab) (width 0.1))
    (fp_line (start -1 -0.625) (end -1 0.625) (layer B.Fab) (width 0.1))
    (fp_text user %R (at 0 0) (layer B.Fab)
      (effects (font (size 0.5 0.5) (thickness 0.08)) (justify mirror))
    )
    (pad 2 smd roundrect (at 0.95 0) (size 1 1.45) (layers B.Cu B.Paste B.Mask) (roundrect_rratio 0.25)
      (net 2 GND))
    (pad 1 smd roundrect (at -0.95 0) (size 1 1.45) (layers B.Cu B.Paste B.Mask) (roundrect_rratio 0.25)
      (net 1 +5V))
    (model ${KISYS3DMOD}/Capacitor_SMD.3dshapes/C_0805_2012Metric.wrl
      (at (xyz 0 0 0))
      (scale (xyz 1 1 1))
      (rotate (xyz 0 0 0))
    )
  )

  (module Capacitor_SMD:C_0805_2012Metric (layer B.Cu) (tedit 5F68FEEE) (tstamp 608F1CAB)
    (at 47.93 77.505 180)
    (descr "Capacitor SMD 0805 (2012 Metric), square (rectangular) end terminal, IPC_7351 nominal, (Body size source: IPC-SM-782 page 76, https://www.pcb-3d.com/wordpress/wp-content/uploads/ipc-sm-782a_amendment_1_and_2.pdf, https://docs.google.com/spreadsheets/d/1BsfQQcO9C6DZCsRaXUlFlo91Tg2WpOkGARC1WS5S8t0/edit?usp=sharing), generated with kicad-footprint-generator")
    (tags capacitor)
    (path /606134C8)
    (attr smd)
    (fp_text reference C3 (at 0 1.68) (layer Dwgs.User)
      (effects (font (size 1 1) (thickness 0.15)) (justify mirror))
    )
    (fp_text value 0.1uF (at 0 -1.68) (layer B.Fab)
      (effects (font (size 1 1) (thickness 0.15)) (justify mirror))
    )
    (fp_line (start 1.7 -0.98) (end -1.7 -0.98) (layer B.CrtYd) (width 0.05))
    (fp_line (start 1.7 0.98) (end 1.7 -0.98) (layer B.CrtYd) (width 0.05))
    (fp_line (start -1.7 0.98) (end 1.7 0.98) (layer B.CrtYd) (width 0.05))
    (fp_line (start -1.7 -0.98) (end -1.7 0.98) (layer B.CrtYd) (width 0.05))
    (fp_line (start -0.261252 -0.735) (end 0.261252 -0.735) (layer B.SilkS) (width 0.12))
    (fp_line (start -0.261252 0.735) (end 0.261252 0.735) (layer B.SilkS) (width 0.12))
    (fp_line (start 1 -0.625) (end -1 -0.625) (layer B.Fab) (width 0.1))
    (fp_line (start 1 0.625) (end 1 -0.625) (layer B.Fab) (width 0.1))
    (fp_line (start -1 0.625) (end 1 0.625) (layer B.Fab) (width 0.1))
    (fp_line (start -1 -0.625) (end -1 0.625) (layer B.Fab) (width 0.1))
    (fp_text user %R (at 0 0) (layer B.Fab)
      (effects (font (size 0.5 0.5) (thickness 0.08)) (justify mirror))
    )
    (pad 2 smd roundrect (at 0.95 0 180) (size 1 1.45) (layers B.Cu B.Paste B.Mask) (roundrect_rratio 0.25)
      (net 2 GND))
    (pad 1 smd roundrect (at -0.95 0 180) (size 1 1.45) (layers B.Cu B.Paste B.Mask) (roundrect_rratio 0.25)
      (net 1 +5V))
    (model ${KISYS3DMOD}/Capacitor_SMD.3dshapes/C_0805_2012Metric.wrl
      (at (xyz 0 0 0))
      (scale (xyz 1 1 1))
      (rotate (xyz 0 0 0))
    )
  )

  (module Capacitor_SMD:C_0805_2012Metric (layer B.Cu) (tedit 5F68FEEE) (tstamp 608F1325)
    (at 22.4 64.875 180)
    (descr "Capacitor SMD 0805 (2012 Metric), square (rectangular) end terminal, IPC_7351 nominal, (Body size source: IPC-SM-782 page 76, https://www.pcb-3d.com/wordpress/wp-content/uploads/ipc-sm-782a_amendment_1_and_2.pdf, https://docs.google.com/spreadsheets/d/1BsfQQcO9C6DZCsRaXUlFlo91Tg2WpOkGARC1WS5S8t0/edit?usp=sharing), generated with kicad-footprint-generator")
    (tags capacitor)
    (path /6062E934)
    (attr smd)
    (fp_text reference C4 (at 0 1.68) (layer Dwgs.User)
      (effects (font (size 1 1) (thickness 0.15)) (justify mirror))
    )
    (fp_text value 1uF (at 0 -1.68) (layer B.Fab)
      (effects (font (size 1 1) (thickness 0.15)) (justify mirror))
    )
    (fp_line (start -1 -0.625) (end -1 0.625) (layer B.Fab) (width 0.1))
    (fp_line (start -1 0.625) (end 1 0.625) (layer B.Fab) (width 0.1))
    (fp_line (start 1 0.625) (end 1 -0.625) (layer B.Fab) (width 0.1))
    (fp_line (start 1 -0.625) (end -1 -0.625) (layer B.Fab) (width 0.1))
    (fp_line (start -0.261252 0.735) (end 0.261252 0.735) (layer B.SilkS) (width 0.12))
    (fp_line (start -0.261252 -0.735) (end 0.261252 -0.735) (layer B.SilkS) (width 0.12))
    (fp_line (start -1.7 -0.98) (end -1.7 0.98) (layer B.CrtYd) (width 0.05))
    (fp_line (start -1.7 0.98) (end 1.7 0.98) (layer B.CrtYd) (width 0.05))
    (fp_line (start 1.7 0.98) (end 1.7 -0.98) (layer B.CrtYd) (width 0.05))
    (fp_line (start 1.7 -0.98) (end -1.7 -0.98) (layer B.CrtYd) (width 0.05))
    (fp_text user %R (at 0 0) (layer B.Fab)
      (effects (font (size 0.5 0.5) (thickness 0.08)) (justify mirror))
    )
    (pad 1 smd roundrect (at -0.95 0 180) (size 1 1.45) (layers B.Cu B.Paste B.Mask) (roundrect_rratio 0.25)
      (net 1 +5V))
    (pad 2 smd roundrect (at 0.95 0 180) (size 1 1.45) (layers B.Cu B.Paste B.Mask) (roundrect_rratio 0.25)
      (net 2 GND))
    (model ${KISYS3DMOD}/Capacitor_SMD.3dshapes/C_0805_2012Metric.wrl
      (at (xyz 0 0 0))
      (scale (xyz 1 1 1))
      (rotate (xyz 0 0 0))
    )
  )

  (module Capacitor_SMD:C_0805_2012Metric (layer B.Cu) (tedit 5F68FEEE) (tstamp 608F332A)
    (at 35.35 62.485)
    (descr "Capacitor SMD 0805 (2012 Metric), square (rectangular) end terminal, IPC_7351 nominal, (Body size source: IPC-SM-782 page 76, https://www.pcb-3d.com/wordpress/wp-content/uploads/ipc-sm-782a_amendment_1_and_2.pdf, https://docs.google.com/spreadsheets/d/1BsfQQcO9C6DZCsRaXUlFlo91Tg2WpOkGARC1WS5S8t0/edit?usp=sharing), generated with kicad-footprint-generator")
    (tags capacitor)
    (path /607201B0)
    (attr smd)
    (fp_text reference C5 (at 0 1.68) (layer Dwgs.User)
      (effects (font (size 1 1) (thickness 0.15)) (justify mirror))
    )
    (fp_text value 1uF (at 0 -1.68) (layer B.Fab)
      (effects (font (size 1 1) (thickness 0.15)) (justify mirror))
    )
    (fp_line (start 1.7 -0.98) (end -1.7 -0.98) (layer B.CrtYd) (width 0.05))
    (fp_line (start 1.7 0.98) (end 1.7 -0.98) (layer B.CrtYd) (width 0.05))
    (fp_line (start -1.7 0.98) (end 1.7 0.98) (layer B.CrtYd) (width 0.05))
    (fp_line (start -1.7 -0.98) (end -1.7 0.98) (layer B.CrtYd) (width 0.05))
    (fp_line (start -0.261252 -0.735) (end 0.261252 -0.735) (layer B.SilkS) (width 0.12))
    (fp_line (start -0.261252 0.735) (end 0.261252 0.735) (layer B.SilkS) (width 0.12))
    (fp_line (start 1 -0.625) (end -1 -0.625) (layer B.Fab) (width 0.1))
    (fp_line (start 1 0.625) (end 1 -0.625) (layer B.Fab) (width 0.1))
    (fp_line (start -1 0.625) (end 1 0.625) (layer B.Fab) (width 0.1))
    (fp_line (start -1 -0.625) (end -1 0.625) (layer B.Fab) (width 0.1))
    (fp_text user %R (at 0 0) (layer B.Fab)
      (effects (font (size 0.5 0.5) (thickness 0.08)) (justify mirror))
    )
    (pad 2 smd roundrect (at 0.95 0) (size 1 1.45) (layers B.Cu B.Paste B.Mask) (roundrect_rratio 0.25)
      (net 2 GND))
    (pad 1 smd roundrect (at -0.95 0) (size 1 1.45) (layers B.Cu B.Paste B.Mask) (roundrect_rratio 0.25)
      (net 1 +5V))
    (model ${KISYS3DMOD}/Capacitor_SMD.3dshapes/C_0805_2012Metric.wrl
      (at (xyz 0 0 0))
      (scale (xyz 1 1 1))
      (rotate (xyz 0 0 0))
    )
  )

  (module Capacitor_SMD:C_0805_2012Metric (layer B.Cu) (tedit 5F68FEEE) (tstamp 608E7B0A)
    (at 47.93 79.705 180)
    (descr "Capacitor SMD 0805 (2012 Metric), square (rectangular) end terminal, IPC_7351 nominal, (Body size source: IPC-SM-782 page 76, https://www.pcb-3d.com/wordpress/wp-content/uploads/ipc-sm-782a_amendment_1_and_2.pdf, https://docs.google.com/spreadsheets/d/1BsfQQcO9C6DZCsRaXUlFlo91Tg2WpOkGARC1WS5S8t0/edit?usp=sharing), generated with kicad-footprint-generator")
    (tags capacitor)
    (path /607201BB)
    (attr smd)
    (fp_text reference C6 (at 0 1.68) (layer Dwgs.User)
      (effects (font (size 1 1) (thickness 0.15)) (justify mirror))
    )
    (fp_text value 1uF (at 0 -1.68) (layer B.Fab)
      (effects (font (size 1 1) (thickness 0.15)) (justify mirror))
    )
    (fp_line (start -1 -0.625) (end -1 0.625) (layer B.Fab) (width 0.1))
    (fp_line (start -1 0.625) (end 1 0.625) (layer B.Fab) (width 0.1))
    (fp_line (start 1 0.625) (end 1 -0.625) (layer B.Fab) (width 0.1))
    (fp_line (start 1 -0.625) (end -1 -0.625) (layer B.Fab) (width 0.1))
    (fp_line (start -0.261252 0.735) (end 0.261252 0.735) (layer B.SilkS) (width 0.12))
    (fp_line (start -0.261252 -0.735) (end 0.261252 -0.735) (layer B.SilkS) (width 0.12))
    (fp_line (start -1.7 -0.98) (end -1.7 0.98) (layer B.CrtYd) (width 0.05))
    (fp_line (start -1.7 0.98) (end 1.7 0.98) (layer B.CrtYd) (width 0.05))
    (fp_line (start 1.7 0.98) (end 1.7 -0.98) (layer B.CrtYd) (width 0.05))
    (fp_line (start 1.7 -0.98) (end -1.7 -0.98) (layer B.CrtYd) (width 0.05))
    (fp_text user %R (at 0 0) (layer B.Fab)
      (effects (font (size 0.5 0.5) (thickness 0.08)) (justify mirror))
    )
    (pad 1 smd roundrect (at -0.95 0 180) (size 1 1.45) (layers B.Cu B.Paste B.Mask) (roundrect_rratio 0.25)
      (net 1 +5V))
    (pad 2 smd roundrect (at 0.95 0 180) (size 1 1.45) (layers B.Cu B.Paste B.Mask) (roundrect_rratio 0.25)
      (net 2 GND))
    (model ${KISYS3DMOD}/Capacitor_SMD.3dshapes/C_0805_2012Metric.wrl
      (at (xyz 0 0 0))
      (scale (xyz 1 1 1))
      (rotate (xyz 0 0 0))
    )
  )

  (module Capacitor_Tantalum_SMD:CP_EIA-3216-10_Kemet-I (layer B.Cu) (tedit 5EBA9318) (tstamp 608E7B1D)
    (at 42.275 55.75 90)
    (descr "Tantalum Capacitor SMD Kemet-I (3216-10 Metric), IPC_7351 nominal, (Body size from: http://www.kemet.com/Lists/ProductCatalog/Attachments/253/KEM_TC101_STD.pdf), generated with kicad-footprint-generator")
    (tags "capacitor tantalum")
    (path /60A6ABBF)
    (attr smd)
    (fp_text reference C7 (at 0 1.75 90) (layer Dwgs.User)
      (effects (font (size 1 1) (thickness 0.15)) (justify mirror))
    )
    (fp_text value 10u (at 0 -1.75 90) (layer B.Fab)
      (effects (font (size 1 1) (thickness 0.15)) (justify mirror))
    )
    (fp_line (start 1.6 0.8) (end -1.2 0.8) (layer B.Fab) (width 0.1))
    (fp_line (start -1.2 0.8) (end -1.6 0.4) (layer B.Fab) (width 0.1))
    (fp_line (start -1.6 0.4) (end -1.6 -0.8) (layer B.Fab) (width 0.1))
    (fp_line (start -1.6 -0.8) (end 1.6 -0.8) (layer B.Fab) (width 0.1))
    (fp_line (start 1.6 -0.8) (end 1.6 0.8) (layer B.Fab) (width 0.1))
    (fp_line (start 1.6 0.935) (end -2.31 0.935) (layer B.SilkS) (width 0.12))
    (fp_line (start -2.31 0.935) (end -2.31 -0.935) (layer B.SilkS) (width 0.12))
    (fp_line (start -2.31 -0.935) (end 1.6 -0.935) (layer B.SilkS) (width 0.12))
    (fp_line (start -2.3 -1.05) (end -2.3 1.05) (layer B.CrtYd) (width 0.05))
    (fp_line (start -2.3 1.05) (end 2.3 1.05) (layer B.CrtYd) (width 0.05))
    (fp_line (start 2.3 1.05) (end 2.3 -1.05) (layer B.CrtYd) (width 0.05))
    (fp_line (start 2.3 -1.05) (end -2.3 -1.05) (layer B.CrtYd) (width 0.05))
    (fp_text user %R (at 0 0 90) (layer B.Fab)
      (effects (font (size 0.8 0.8) (thickness 0.12)) (justify mirror))
    )
    (pad 1 smd roundrect (at -1.35 0 90) (size 1.4 1.35) (layers B.Cu B.Paste B.Mask) (roundrect_rratio 0.185185)
      (net 3 "Net-(C7-Pad1)"))
    (pad 2 smd roundrect (at 1.35 0 90) (size 1.4 1.35) (layers B.Cu B.Paste B.Mask) (roundrect_rratio 0.185185)
      (net 2 GND))
    (model ${KISYS3DMOD}/Capacitor_Tantalum_SMD.3dshapes/CP_EIA-3216-10_Kemet-I.wrl
      (at (xyz 0 0 0))
      (scale (xyz 1 1 1))
      (rotate (xyz 0 0 0))
    )
  )

  (module Capacitor_SMD:C_0805_2012Metric (layer B.Cu) (tedit 5F68FEEE) (tstamp 608E7B2E)
    (at 33.725 80.625 180)
    (descr "Capacitor SMD 0805 (2012 Metric), square (rectangular) end terminal, IPC_7351 nominal, (Body size source: IPC-SM-782 page 76, https://www.pcb-3d.com/wordpress/wp-content/uploads/ipc-sm-782a_amendment_1_and_2.pdf, https://docs.google.com/spreadsheets/d/1BsfQQcO9C6DZCsRaXUlFlo91Tg2WpOkGARC1WS5S8t0/edit?usp=sharing), generated with kicad-footprint-generator")
    (tags capacitor)
    (path /6059DB43)
    (attr smd)
    (fp_text reference C8 (at 0 1.68) (layer Dwgs.User)
      (effects (font (size 1 1) (thickness 0.15)))
    )
    (fp_text value 10n (at 0 -1.68) (layer B.Fab)
      (effects (font (size 1 1) (thickness 0.15)) (justify mirror))
    )
    (fp_line (start -1 -0.625) (end -1 0.625) (layer B.Fab) (width 0.1))
    (fp_line (start -1 0.625) (end 1 0.625) (layer B.Fab) (width 0.1))
    (fp_line (start 1 0.625) (end 1 -0.625) (layer B.Fab) (width 0.1))
    (fp_line (start 1 -0.625) (end -1 -0.625) (layer B.Fab) (width 0.1))
    (fp_line (start -0.261252 0.735) (end 0.261252 0.735) (layer B.SilkS) (width 0.12))
    (fp_line (start -0.261252 -0.735) (end 0.261252 -0.735) (layer B.SilkS) (width 0.12))
    (fp_line (start -1.7 -0.98) (end -1.7 0.98) (layer B.CrtYd) (width 0.05))
    (fp_line (start -1.7 0.98) (end 1.7 0.98) (layer B.CrtYd) (width 0.05))
    (fp_line (start 1.7 0.98) (end 1.7 -0.98) (layer B.CrtYd) (width 0.05))
    (fp_line (start 1.7 -0.98) (end -1.7 -0.98) (layer B.CrtYd) (width 0.05))
    (fp_text user %R (at 0 0) (layer B.Fab)
      (effects (font (size 0.5 0.5) (thickness 0.08)) (justify mirror))
    )
    (pad 1 smd roundrect (at -0.95 0 180) (size 1 1.45) (layers B.Cu B.Paste B.Mask) (roundrect_rratio 0.25)
      (net 4 "Net-(C8-Pad1)"))
    (pad 2 smd roundrect (at 0.95 0 180) (size 1 1.45) (layers B.Cu B.Paste B.Mask) (roundrect_rratio 0.25)
      (net 5 GATE))
    (model ${KISYS3DMOD}/Capacitor_SMD.3dshapes/C_0805_2012Metric.wrl
      (at (xyz 0 0 0))
      (scale (xyz 1 1 1))
      (rotate (xyz 0 0 0))
    )
  )

  (module Diode_SMD:D_SOD-323F (layer B.Cu) (tedit 590A48EB) (tstamp 6090A027)
    (at 33.57 78.49 180)
    (descr "SOD-323F http://www.nxp.com/documents/outline_drawing/SOD323F.pdf")
    (tags SOD-323F)
    (path /608DA389)
    (attr smd)
    (fp_text reference D1 (at 0 1.85) (layer Dwgs.User)
      (effects (font (size 1 1) (thickness 0.15)) (justify mirror))
    )
    (fp_text value 1N4148 (at 0.1 -1.9) (layer B.Fab)
      (effects (font (size 1 1) (thickness 0.15)) (justify mirror))
    )
    (fp_line (start -1.5 0.85) (end -1.5 -0.85) (layer B.SilkS) (width 0.12))
    (fp_line (start 0.2 0) (end 0.45 0) (layer B.Fab) (width 0.1))
    (fp_line (start 0.2 -0.35) (end -0.3 0) (layer B.Fab) (width 0.1))
    (fp_line (start 0.2 0.35) (end 0.2 -0.35) (layer B.Fab) (width 0.1))
    (fp_line (start -0.3 0) (end 0.2 0.35) (layer B.Fab) (width 0.1))
    (fp_line (start -0.3 0) (end -0.5 0) (layer B.Fab) (width 0.1))
    (fp_line (start -0.3 0.35) (end -0.3 -0.35) (layer B.Fab) (width 0.1))
    (fp_line (start -0.9 -0.7) (end -0.9 0.7) (layer B.Fab) (width 0.1))
    (fp_line (start 0.9 -0.7) (end -0.9 -0.7) (layer B.Fab) (width 0.1))
    (fp_line (start 0.9 0.7) (end 0.9 -0.7) (layer B.Fab) (width 0.1))
    (fp_line (start -0.9 0.7) (end 0.9 0.7) (layer B.Fab) (width 0.1))
    (fp_line (start -1.6 0.95) (end 1.6 0.95) (layer B.CrtYd) (width 0.05))
    (fp_line (start 1.6 0.95) (end 1.6 -0.95) (layer B.CrtYd) (width 0.05))
    (fp_line (start -1.6 -0.95) (end 1.6 -0.95) (layer B.CrtYd) (width 0.05))
    (fp_line (start -1.6 0.95) (end -1.6 -0.95) (layer B.CrtYd) (width 0.05))
    (fp_line (start -1.5 -0.85) (end 1.05 -0.85) (layer B.SilkS) (width 0.12))
    (fp_line (start -1.5 0.85) (end 1.05 0.85) (layer B.SilkS) (width 0.12))
    (fp_text user %R (at 0 1.85) (layer B.Fab)
      (effects (font (size 1 1) (thickness 0.15)) (justify mirror))
    )
    (pad 1 smd rect (at -1.1 0 180) (size 0.5 0.5) (layers B.Cu B.Paste B.Mask)
      (net 4 "Net-(C8-Pad1)"))
    (pad 2 smd rect (at 1.1 0 180) (size 0.5 0.5) (layers B.Cu B.Paste B.Mask)
      (net 2 GND))
    (model ${KISYS3DMOD}/Diode_SMD.3dshapes/D_SOD-323F.wrl
      (at (xyz 0 0 0))
      (scale (xyz 1 1 1))
      (rotate (xyz 0 0 0))
    )
  )

  (module Diode_SMD:D_MiniMELF (layer B.Cu) (tedit 5905D8F5) (tstamp 608E7B5F)
    (at 28.18 83.1 180)
    (descr "Diode Mini-MELF (SOD-80)")
    (tags "Diode Mini-MELF (SOD-80)")
    (path /608118D4)
    (attr smd)
    (fp_text reference D2 (at 0 2 180) (layer Dwgs.User)
      (effects (font (size 1 1) (thickness 0.15)) (justify mirror))
    )
    (fp_text value ZMM5V6 (at 0 -1.75 180) (layer B.Fab)
      (effects (font (size 1 1) (thickness 0.15)) (justify mirror))
    )
    (fp_line (start 1.75 1) (end -2.55 1) (layer B.SilkS) (width 0.12))
    (fp_line (start -2.55 1) (end -2.55 -1) (layer B.SilkS) (width 0.12))
    (fp_line (start -2.55 -1) (end 1.75 -1) (layer B.SilkS) (width 0.12))
    (fp_line (start 1.65 0.8) (end 1.65 -0.8) (layer B.Fab) (width 0.1))
    (fp_line (start 1.65 -0.8) (end -1.65 -0.8) (layer B.Fab) (width 0.1))
    (fp_line (start -1.65 -0.8) (end -1.65 0.8) (layer B.Fab) (width 0.1))
    (fp_line (start -1.65 0.8) (end 1.65 0.8) (layer B.Fab) (width 0.1))
    (fp_line (start 0.25 0) (end 0.75 0) (layer B.Fab) (width 0.1))
    (fp_line (start 0.25 -0.4) (end -0.35 0) (layer B.Fab) (width 0.1))
    (fp_line (start 0.25 0.4) (end 0.25 -0.4) (layer B.Fab) (width 0.1))
    (fp_line (start -0.35 0) (end 0.25 0.4) (layer B.Fab) (width 0.1))
    (fp_line (start -0.35 0) (end -0.35 -0.55) (layer B.Fab) (width 0.1))
    (fp_line (start -0.35 0) (end -0.35 0.55) (layer B.Fab) (width 0.1))
    (fp_line (start -0.75 0) (end -0.35 0) (layer B.Fab) (width 0.1))
    (fp_line (start -2.65 1.1) (end 2.65 1.1) (layer B.CrtYd) (width 0.05))
    (fp_line (start 2.65 1.1) (end 2.65 -1.1) (layer B.CrtYd) (width 0.05))
    (fp_line (start 2.65 -1.1) (end -2.65 -1.1) (layer B.CrtYd) (width 0.05))
    (fp_line (start -2.65 -1.1) (end -2.65 1.1) (layer B.CrtYd) (width 0.05))
    (fp_text user %R (at 0 2 180) (layer B.Fab)
      (effects (font (size 1 1) (thickness 0.15)) (justify mirror))
    )
    (pad 1 smd rect (at -1.75 0 180) (size 1.3 1.7) (layers B.Cu B.Paste B.Mask)
      (net 5 GATE))
    (pad 2 smd rect (at 1.75 0 180) (size 1.3 1.7) (layers B.Cu B.Paste B.Mask)
      (net 2 GND))
    (model ${KISYS3DMOD}/Diode_SMD.3dshapes/D_MiniMELF.wrl
      (at (xyz 0 0 0))
      (scale (xyz 1 1 1))
      (rotate (xyz 0 0 0))
    )
  )

  (module Diode_SMD:D_MiniMELF (layer B.Cu) (tedit 5905D8F5) (tstamp 608E7B78)
    (at 47.9 86.025 270)
    (descr "Diode Mini-MELF (SOD-80)")
    (tags "Diode Mini-MELF (SOD-80)")
    (path /6070AC0E)
    (attr smd)
    (fp_text reference D3 (at 0 2 90) (layer Dwgs.User)
      (effects (font (size 1 1) (thickness 0.15)) (justify mirror))
    )
    (fp_text value ZMM5V6 (at 0 -1.75 90) (layer B.Fab)
      (effects (font (size 1 1) (thickness 0.15)) (justify mirror))
    )
    (fp_line (start -2.65 -1.1) (end -2.65 1.1) (layer B.CrtYd) (width 0.05))
    (fp_line (start 2.65 -1.1) (end -2.65 -1.1) (layer B.CrtYd) (width 0.05))
    (fp_line (start 2.65 1.1) (end 2.65 -1.1) (layer B.CrtYd) (width 0.05))
    (fp_line (start -2.65 1.1) (end 2.65 1.1) (layer B.CrtYd) (width 0.05))
    (fp_line (start -0.75 0) (end -0.35 0) (layer B.Fab) (width 0.1))
    (fp_line (start -0.35 0) (end -0.35 0.55) (layer B.Fab) (width 0.1))
    (fp_line (start -0.35 0) (end -0.35 -0.55) (layer B.Fab) (width 0.1))
    (fp_line (start -0.35 0) (end 0.25 0.4) (layer B.Fab) (width 0.1))
    (fp_line (start 0.25 0.4) (end 0.25 -0.4) (layer B.Fab) (width 0.1))
    (fp_line (start 0.25 -0.4) (end -0.35 0) (layer B.Fab) (width 0.1))
    (fp_line (start 0.25 0) (end 0.75 0) (layer B.Fab) (width 0.1))
    (fp_line (start -1.65 0.8) (end 1.65 0.8) (layer B.Fab) (width 0.1))
    (fp_line (start -1.65 -0.8) (end -1.65 0.8) (layer B.Fab) (width 0.1))
    (fp_line (start 1.65 -0.8) (end -1.65 -0.8) (layer B.Fab) (width 0.1))
    (fp_line (start 1.65 0.8) (end 1.65 -0.8) (layer B.Fab) (width 0.1))
    (fp_line (start -2.55 -1) (end 1.75 -1) (layer B.SilkS) (width 0.12))
    (fp_line (start -2.55 1) (end -2.55 -1) (layer B.SilkS) (width 0.12))
    (fp_line (start 1.75 1) (end -2.55 1) (layer B.SilkS) (width 0.12))
    (fp_text user %R (at 0 2 90) (layer B.Fab)
      (effects (font (size 1 1) (thickness 0.15)) (justify mirror))
    )
    (pad 2 smd rect (at 1.75 0 270) (size 1.3 1.7) (layers B.Cu B.Paste B.Mask)
      (net 2 GND))
    (pad 1 smd rect (at -1.75 0 270) (size 1.3 1.7) (layers B.Cu B.Paste B.Mask)
      (net 6 TRIG))
    (model ${KISYS3DMOD}/Diode_SMD.3dshapes/D_MiniMELF.wrl
      (at (xyz 0 0 0))
      (scale (xyz 1 1 1))
      (rotate (xyz 0 0 0))
    )
  )

  (module Diode_SMD:D_MiniMELF (layer B.Cu) (tedit 5905D8F5) (tstamp 608E7B91)
    (at 39.3 105.125 270)
    (descr "Diode Mini-MELF (SOD-80)")
    (tags "Diode Mini-MELF (SOD-80)")
    (path /6070B271)
    (attr smd)
    (fp_text reference D4 (at 0 2 90) (layer Dwgs.User)
      (effects (font (size 1 1) (thickness 0.15)) (justify mirror))
    )
    (fp_text value ZMM5V6 (at 0 -1.75 90) (layer B.Fab)
      (effects (font (size 1 1) (thickness 0.15)) (justify mirror))
    )
    (fp_line (start 1.75 1) (end -2.55 1) (layer B.SilkS) (width 0.12))
    (fp_line (start -2.55 1) (end -2.55 -1) (layer B.SilkS) (width 0.12))
    (fp_line (start -2.55 -1) (end 1.75 -1) (layer B.SilkS) (width 0.12))
    (fp_line (start 1.65 0.8) (end 1.65 -0.8) (layer B.Fab) (width 0.1))
    (fp_line (start 1.65 -0.8) (end -1.65 -0.8) (layer B.Fab) (width 0.1))
    (fp_line (start -1.65 -0.8) (end -1.65 0.8) (layer B.Fab) (width 0.1))
    (fp_line (start -1.65 0.8) (end 1.65 0.8) (layer B.Fab) (width 0.1))
    (fp_line (start 0.25 0) (end 0.75 0) (layer B.Fab) (width 0.1))
    (fp_line (start 0.25 -0.4) (end -0.35 0) (layer B.Fab) (width 0.1))
    (fp_line (start 0.25 0.4) (end 0.25 -0.4) (layer B.Fab) (width 0.1))
    (fp_line (start -0.35 0) (end 0.25 0.4) (layer B.Fab) (width 0.1))
    (fp_line (start -0.35 0) (end -0.35 -0.55) (layer B.Fab) (width 0.1))
    (fp_line (start -0.35 0) (end -0.35 0.55) (layer B.Fab) (width 0.1))
    (fp_line (start -0.75 0) (end -0.35 0) (layer B.Fab) (width 0.1))
    (fp_line (start -2.65 1.1) (end 2.65 1.1) (layer B.CrtYd) (width 0.05))
    (fp_line (start 2.65 1.1) (end 2.65 -1.1) (layer B.CrtYd) (width 0.05))
    (fp_line (start 2.65 -1.1) (end -2.65 -1.1) (layer B.CrtYd) (width 0.05))
    (fp_line (start -2.65 -1.1) (end -2.65 1.1) (layer B.CrtYd) (width 0.05))
    (fp_text user %R (at 0 2 90) (layer B.Fab)
      (effects (font (size 1 1) (thickness 0.15)) (justify mirror))
    )
    (pad 1 smd rect (at -1.75 0 270) (size 1.3 1.7) (layers B.Cu B.Paste B.Mask)
      (net 7 UP_DOWN))
    (pad 2 smd rect (at 1.75 0 270) (size 1.3 1.7) (layers B.Cu B.Paste B.Mask)
      (net 2 GND))
    (model ${KISYS3DMOD}/Diode_SMD.3dshapes/D_MiniMELF.wrl
      (at (xyz 0 0 0))
      (scale (xyz 1 1 1))
      (rotate (xyz 0 0 0))
    )
  )

  (module Connector_IDC:IDC-Header_2x08_P2.54mm_Vertical (layer B.Cu) (tedit 5EAC9A07) (tstamp 608E7BC6)
    (at 26.275 90.4 180)
    (descr "Through hole IDC box header, 2x08, 2.54mm pitch, DIN 41651 / IEC 60603-13, double rows, https://docs.google.com/spreadsheets/d/16SsEcesNF15N3Lb4niX7dcUr-NY5_MFPQhobNuNppn4/edit#gid=0")
    (tags "Through hole vertical IDC box header THT 2x08 2.54mm double row")
    (path /606C5B36)
    (fp_text reference J1 (at 1.27 6.1) (layer Dwgs.User)
      (effects (font (size 1 1) (thickness 0.15)) (justify mirror))
    )
    (fp_text value PWR_Conn (at 1.27 -20.4) (layer B.Fab)
      (effects (font (size 1 1) (thickness 0.15)) (justify mirror))
    )
    (fp_line (start -3.18 4.1) (end -2.18 5.1) (layer B.Fab) (width 0.1))
    (fp_line (start -2.18 5.1) (end 5.72 5.1) (layer B.Fab) (width 0.1))
    (fp_line (start 5.72 5.1) (end 5.72 -22.88) (layer B.Fab) (width 0.1))
    (fp_line (start 5.72 -22.88) (end -3.18 -22.88) (layer B.Fab) (width 0.1))
    (fp_line (start -3.18 -22.88) (end -3.18 4.1) (layer B.Fab) (width 0.1))
    (fp_line (start -3.18 -6.84) (end -1.98 -6.84) (layer B.Fab) (width 0.1))
    (fp_line (start -1.98 -6.84) (end -1.98 3.91) (layer B.Fab) (width 0.1))
    (fp_line (start -1.98 3.91) (end 4.52 3.91) (layer B.Fab) (width 0.1))
    (fp_line (start 4.52 3.91) (end 4.52 -21.69) (layer B.Fab) (width 0.1))
    (fp_line (start 4.52 -21.69) (end -1.98 -21.69) (layer B.Fab) (width 0.1))
    (fp_line (start -1.98 -21.69) (end -1.98 -10.94) (layer B.Fab) (width 0.1))
    (fp_line (start -1.98 -10.94) (end -1.98 -10.94) (layer B.Fab) (width 0.1))
    (fp_line (start -1.98 -10.94) (end -3.18 -10.94) (layer B.Fab) (width 0.1))
    (fp_line (start -3.29 5.21) (end 5.83 5.21) (layer B.SilkS) (width 0.12))
    (fp_line (start 5.83 5.21) (end 5.83 -22.99) (layer B.SilkS) (width 0.12))
    (fp_line (start 5.83 -22.99) (end -3.29 -22.99) (layer B.SilkS) (width 0.12))
    (fp_line (start -3.29 -22.99) (end -3.29 5.21) (layer B.SilkS) (width 0.12))
    (fp_line (start -3.29 -6.84) (end -1.98 -6.84) (layer B.SilkS) (width 0.12))
    (fp_line (start -1.98 -6.84) (end -1.98 3.91) (layer B.SilkS) (width 0.12))
    (fp_line (start -1.98 3.91) (end 4.52 3.91) (layer B.SilkS) (width 0.12))
    (fp_line (start 4.52 3.91) (end 4.52 -21.69) (layer B.SilkS) (width 0.12))
    (fp_line (start 4.52 -21.69) (end -1.98 -21.69) (layer B.SilkS) (width 0.12))
    (fp_line (start -1.98 -21.69) (end -1.98 -10.94) (layer B.SilkS) (width 0.12))
    (fp_line (start -1.98 -10.94) (end -1.98 -10.94) (layer B.SilkS) (width 0.12))
    (fp_line (start -1.98 -10.94) (end -3.29 -10.94) (layer B.SilkS) (width 0.12))
    (fp_line (start -3.68 0) (end -4.68 0.5) (layer B.SilkS) (width 0.12))
    (fp_line (start -4.68 0.5) (end -4.68 -0.5) (layer B.SilkS) (width 0.12))
    (fp_line (start -4.68 -0.5) (end -3.68 0) (layer B.SilkS) (width 0.12))
    (fp_line (start -3.68 5.6) (end -3.68 -23.38) (layer B.CrtYd) (width 0.05))
    (fp_line (start -3.68 -23.38) (end 6.22 -23.38) (layer B.CrtYd) (width 0.05))
    (fp_line (start 6.22 -23.38) (end 6.22 5.6) (layer B.CrtYd) (width 0.05))
    (fp_line (start 6.22 5.6) (end -3.68 5.6) (layer B.CrtYd) (width 0.05))
    (fp_text user %R (at 1.27 -8.89 270) (layer B.Fab)
      (effects (font (size 1 1) (thickness 0.15)) (justify mirror))
    )
    (pad 1 thru_hole roundrect (at 0 0 180) (size 1.7 1.7) (drill 1) (layers *.Cu *.Mask) (roundrect_rratio 0.147059)
      (net 8 "Net-(J1-Pad1)"))
    (pad 3 thru_hole circle (at 0 -2.54 180) (size 1.7 1.7) (drill 1) (layers *.Cu *.Mask)
      (net 2 GND))
    (pad 5 thru_hole circle (at 0 -5.08 180) (size 1.7 1.7) (drill 1) (layers *.Cu *.Mask)
      (net 2 GND))
    (pad 7 thru_hole circle (at 0 -7.62 180) (size 1.7 1.7) (drill 1) (layers *.Cu *.Mask)
      (net 2 GND))
    (pad 9 thru_hole circle (at 0 -10.16 180) (size 1.7 1.7) (drill 1) (layers *.Cu *.Mask)
      (net 9 "Net-(J1-Pad9)"))
    (pad 11 thru_hole circle (at 0 -12.7 180) (size 1.7 1.7) (drill 1) (layers *.Cu *.Mask)
      (net 1 +5V))
    (pad 13 thru_hole circle (at 0 -15.24 180) (size 1.7 1.7) (drill 1) (layers *.Cu *.Mask)
      (net 10 "Net-(J1-Pad13)"))
    (pad 15 thru_hole circle (at 0 -17.78 180) (size 1.7 1.7) (drill 1) (layers *.Cu *.Mask)
      (net 11 "Net-(J1-Pad15)"))
    (pad 2 thru_hole circle (at 2.54 0 180) (size 1.7 1.7) (drill 1) (layers *.Cu *.Mask)
      (net 12 "Net-(J1-Pad2)"))
    (pad 4 thru_hole circle (at 2.54 -2.54 180) (size 1.7 1.7) (drill 1) (layers *.Cu *.Mask)
      (net 2 GND))
    (pad 6 thru_hole circle (at 2.54 -5.08 180) (size 1.7 1.7) (drill 1) (layers *.Cu *.Mask)
      (net 2 GND))
    (pad 8 thru_hole circle (at 2.54 -7.62 180) (size 1.7 1.7) (drill 1) (layers *.Cu *.Mask)
      (net 2 GND))
    (pad 10 thru_hole circle (at 2.54 -10.16 180) (size 1.7 1.7) (drill 1) (layers *.Cu *.Mask)
      (net 13 "Net-(J1-Pad10)"))
    (pad 12 thru_hole circle (at 2.54 -12.7 180) (size 1.7 1.7) (drill 1) (layers *.Cu *.Mask)
      (net 1 +5V))
    (pad 14 thru_hole circle (at 2.54 -15.24 180) (size 1.7 1.7) (drill 1) (layers *.Cu *.Mask)
      (net 14 "Net-(J1-Pad14)"))
    (pad 16 thru_hole circle (at 2.54 -17.78 180) (size 1.7 1.7) (drill 1) (layers *.Cu *.Mask)
      (net 15 "Net-(J1-Pad16)"))
    (model ${KISYS3DMOD}/Connector_IDC.3dshapes/IDC-Header_2x08_P2.54mm_Vertical.wrl
      (at (xyz 0 0 0))
      (scale (xyz 1 1 1))
      (rotate (xyz 0 0 0))
    )
  )

  (module PJ301M:PJ301M (layer F.Cu) (tedit 608D80AA) (tstamp 608EEF43)
    (at 34.7 95.7)
    (descr PJ-301M-3)
    (tags Connector)
    (path /608F2CE4)
    (fp_text reference J2 (at 0 -14.6812) (layer Dwgs.User)
      (effects (font (size 1.27 1.27) (thickness 0.254)))
    )
    (fp_text value PJ-301M (at 0 3.3528) (layer Dwgs.User) hide
      (effects (font (size 1.27 1.27) (thickness 0.254)))
    )
    (fp_line (start -2.3 -0.1) (end -2.3 -0.1) (layer F.SilkS) (width 0.2))
    (fp_line (start -2.2 -0.1) (end -2.2 -0.1) (layer F.SilkS) (width 0.2))
    (fp_line (start -2.3 -0.1) (end -2.3 -0.1) (layer F.SilkS) (width 0.2))
    (fp_line (start -5.5 2.223) (end -5.5 -13.735) (layer F.CrtYd) (width 0.1))
    (fp_line (start 5.5 2.223) (end -5.5 2.223) (layer F.CrtYd) (width 0.1))
    (fp_line (start 5.5 -13.735) (end 5.5 2.223) (layer F.CrtYd) (width 0.1))
    (fp_line (start -5.5 -13.735) (end 5.5 -13.735) (layer F.CrtYd) (width 0.1))
    (fp_line (start 4.5 -12.48) (end 4.5 -12.48) (layer F.SilkS) (width 0.1))
    (fp_line (start 1.5 -12.48) (end 4.5 -12.48) (layer F.SilkS) (width 0.1))
    (fp_line (start 1.5 -12.48) (end 1.5 -12.48) (layer F.SilkS) (width 0.1))
    (fp_line (start 4.5 -12.48) (end 1.5 -12.48) (layer F.SilkS) (width 0.1))
    (fp_line (start 4.5 -12.48) (end 4.5 -1.98) (layer F.SilkS) (width 0.1))
    (fp_line (start 4.5 -12.48) (end 4.5 -12.48) (layer F.SilkS) (width 0.1))
    (fp_line (start 4.5 -1.98) (end 4.5 -12.48) (layer F.SilkS) (width 0.1))
    (fp_line (start 4.5 -1.98) (end 4.5 -1.98) (layer F.SilkS) (width 0.1))
    (fp_line (start 1.75 -2) (end 1.75 -2) (layer F.SilkS) (width 0.1))
    (fp_line (start 4.5 -2) (end 1.75 -2) (layer F.SilkS) (width 0.1))
    (fp_line (start 4.5 -2) (end 4.5 -2) (layer F.SilkS) (width 0.1))
    (fp_line (start 1.75 -2) (end 4.5 -2) (layer F.SilkS) (width 0.1))
    (fp_line (start -4.5 -1.98) (end -4.5 -1.98) (layer F.SilkS) (width 0.1))
    (fp_line (start -1.75 -1.98) (end -4.5 -1.98) (layer F.SilkS) (width 0.1))
    (fp_line (start -1.75 -1.98) (end -1.75 -1.98) (layer F.SilkS) (width 0.1))
    (fp_line (start -4.5 -1.98) (end -1.75 -1.98) (layer F.SilkS) (width 0.1))
    (fp_line (start -4.5 -1.98) (end -4.5 -12.48) (layer F.SilkS) (width 0.1))
    (fp_line (start -4.5 -1.98) (end -4.5 -1.98) (layer F.SilkS) (width 0.1))
    (fp_line (start -4.5 -12.48) (end -4.5 -1.98) (layer F.SilkS) (width 0.1))
    (fp_line (start -4.5 -12.48) (end -4.5 -12.48) (layer F.SilkS) (width 0.1))
    (fp_line (start -1.5 -12.48) (end -1.5 -12.48) (layer F.SilkS) (width 0.1))
    (fp_line (start -4.5 -12.48) (end -1.5 -12.48) (layer F.SilkS) (width 0.1))
    (fp_line (start -4.5 -12.48) (end -4.5 -12.48) (layer F.SilkS) (width 0.1))
    (fp_line (start -1.5 -12.48) (end -4.5 -12.48) (layer F.SilkS) (width 0.1))
    (fp_line (start -4.5 -12.48) (end -4.5 -1.98) (layer F.Fab) (width 0.2))
    (fp_line (start 4.5 -12.48) (end -4.5 -12.48) (layer F.Fab) (width 0.2))
    (fp_line (start 4.5 -1.98) (end 4.5 -12.48) (layer F.Fab) (width 0.2))
    (fp_line (start -4.5 -1.98) (end 4.5 -1.98) (layer F.Fab) (width 0.2))
    (fp_text user %R (at -3.8608 1.1684) (layer F.Fab)
      (effects (font (size 1.27 1.27) (thickness 0.254)))
    )
    (fp_arc (start -2.25 -0.1) (end -2.3 -0.1) (angle -180) (layer F.SilkS) (width 0.2))
    (fp_arc (start -2.25 -0.1) (end -2.2 -0.1) (angle -180) (layer F.SilkS) (width 0.2))
    (fp_arc (start -2.25 -0.1) (end -2.3 -0.1) (angle -180) (layer F.SilkS) (width 0.2))
    (pad 1 thru_hole circle (at 0 0) (size 2.445 2.445) (drill 1.63) (layers *.Cu *.Mask)
      (net 2 GND))
    (pad 2 thru_hole circle (at 0 -3.1) (size 2.73 2.73) (drill 1.82) (layers *.Cu *.Mask)
      (net 16 "Net-(J2-Pad2)"))
    (pad 3 thru_hole circle (at 0 -11.4) (size 2.67 2.67) (drill 1.78) (layers *.Cu *.Mask)
      (net 5 GATE))
    (pad "" np_thru_hole circle (at 0 -6.48) (size 3 3) (drill 3) (layers *.Cu *.Mask F.SilkS))
    (model PJ-301M.stp
      (at (xyz 0 0 0))
      (scale (xyz 1 1 1))
      (rotate (xyz 0 0 0))
    )
    (model "${KIPRJMOD}/PJ301M.pretty/PJ301M-12 Thonkiconn v0.2.stp"
      (offset (xyz 0 7.25 0))
